DIM FT
DERIV DEG
DAMP
PART

 $FLTCON WT=20770,
        LOOP=1.0,
	NMACH=8.0,
	MACH(1)=0.1, 0.2, 0.3, 0.4, 0.5, 0.6, 0.7, 0.8,
	NALT=19.0,
	ALT(1)=0.0, 2000.0, 4000.0, 6000.0, 8000.0, 10000.0, 12000.0,
               14000.0, 16000.0, 18000.0, 20000.0, 22000.0, 24000.0,
               26000.0, 28000.0, 30000.0, 32000.0, 34000.0, 36000.0,
        NALPHA=20.0,
	ALSCHD(1)=-16.0, -8.0, -6.0, -4.0, -2.0, 0.0, 2.0, 4.0, 8.0,
	          9.0, 10.0, 12.0, 14.0, 16.0, 18.0, 19.0, 20.0, 21.0,
	          22.0, 24.0,
        STMACH=0.6, TSMACH=1.4, TR=1.0$

 $OPTINS SREF=430.59844, CBARR=6.26, BLREF=68.84, ROUGFC=0.06E-3$

 $SYNTHS XCG=27.527, ZCG=0.0, XW=24.214, ZW=3.95, ALIW=3.65,
         XH=62.445, ZH=14.2712, ALIH=0.0, XV=53, ZV=1.5297, XVF=35.05,
	 ZVF=3.57, SCALE=1.0, VERTUP=.TRUE.$

 $BODY NX=20.0,
       X(1)=0.0,0.32,1.75,3.79,7.00,9.58,13.00,15.42,21.13,24.38,27.98,
            30.83,34.19,37.29,39.84,42.52,48.43,53.65,61.96,69.06,
       S(1)=0.0,2.79,8.66,21.81,44.99,53.06,55.43,56.33,60.23,70.29,
            80.10,77.45,70.34,61.14,54.27,53.32,42.88,26.97,6.71,0.0,
       P(1)=0.0,5.97,10.53,16.67,23.79,25.91,26.80,27.10,28.28,31.95,
            35.33,34.55,32.35,28.65,26.20,25.93,23.25,18.47,9.18,0.0,
       R(1)=0.0,1.04,1.85,2.88,3.84,4.08,4.13,4.13,4.13,4.13,4.68,4.68,
            4.46,4.13,4.13,4.13,3.71,2.94,1.46,0.0,
       ZU(1)=-3.52,-2.90,-1.63,-0.18,2.19,3.04,3.54,3.72,3.99,4.15,
             4.37,4.09,3.64,3.33,3.07,2.88,2.71,2.34,1.71,0.90,
       ZL(1)=-3.52,-4.27,-4.64,-5.03,-5.31,-5.40,-5.40,-5.40,-5.40,-5.93,
             -6.41,-6.41,-6.17,-5.90,-5.50,-5.39,-4.70,-3.54,-1.21,0.90,
       BNOSE=1.0, BLN=7.0,
       BTAIL=1.0, BLA=35.52,
       ITYPE=1.0,
       METHOD=1.0$

 $WGPLNF $